 nbmag=          25
 thetain,bmagin=
  -3.14159265358979        1.20757470111535     
  -2.87979326579067        1.19940098163589     
  -2.61799387799153        1.17606220919509     
  -2.35619449019238        1.14075105163945     
  -2.09439510239323        1.09779518283214     
  -1.83259571459406        1.05167796538902     
  -1.57079632679490        1.00631225092946     
  -1.30899693899573       0.964698525722890     
  -1.04719755119657       0.928903616242577     
 -0.785398163397410       0.900220274189313     
 -0.523598775598262       0.879384090575717     
 -0.261799387799124       0.866772580722884     
 -4.440892098500626E-016  0.862553357939537     
  0.261799387799124       0.866772580722884     
  0.523598775598261       0.879384090575717     
  0.785398163397410       0.900220274189313     
   1.04719755119657       0.928903616242577     
   1.30899693899573       0.964698525722890     
   1.57079632679490        1.00631225092946     
   1.83259571459406        1.05167796538902     
   2.09439510239323        1.09779518283214     
   2.35619449019238        1.14075105163945     
   2.61799387799153        1.17606220919509     
   2.87979326579067        1.19940098163589     
   3.14159265358979        1.20757470111535     
 alknob=  0.000000000000000E+000
 epsknob=  1.000000000000000E-005
 bpknob=  1.000000000000000E-008
 extrknob=  0.000000000000000E+000
 thetamax=  0.000000000000000E+000
 deltaw,widthw=  0.000000000000000E+000   1.00000000000000     
 tension=   1.00000000000000     
 ntheta,nlambda=          24          13
#input grid
    1  -3.14159265359       1.20757470112    
    2  -2.87979326579       1.19940098164    
    3  -2.61799387799       1.17606220920    
    4  -2.35619449019       1.14075105164    
    5  -2.09439510239       1.09779518283    
    6  -1.83259571459       1.05167796539    
    7  -1.57079632679       1.00631225093    
    8  -1.30899693900      0.964698525723    
    9  -1.04719755120      0.928903616243    
   10 -0.785398163397      0.900220274189    
   11 -0.523598775598      0.879384090576    
   12 -0.261799387799      0.866772580723    
   13 -0.444089209850E-15  0.862553357940    
   14  0.261799387799      0.866772580723    
   15  0.523598775598      0.879384090576    
   16  0.785398163397      0.900220274189    
   17   1.04719755120      0.928903616243    
   18   1.30899693900      0.964698525723    
   19   1.57079632679       1.00631225093    
   20   1.83259571459       1.05167796539    
   21   2.09439510239       1.09779518283    
   22   2.35619449019       1.14075105164    
   23   2.61799387799       1.17606220920    
   24   2.87979326579       1.19940098164    
   25   3.14159265359       1.20757470112    
#starting grid
    1  -3.14159265359      -3.14159265359    
    2 -0.444089209850E-15 -0.444089209850E-15
    3  -3.05432619099      -3.05432619099    
    4  -2.96705972839      -2.96705972839    
    5  -2.87979326579      -2.87979326579    
    6  -2.79252680319      -2.79252680319    
    7  -2.70526034059      -2.70526034059    
    8  -2.61799387799      -2.61799387799    
    9  -2.53072741539      -2.53072741539    
   10  -2.44346095279      -2.44346095279    
   11  -2.35619449019      -2.35619449019    
   12  -2.26892802759      -2.26892802759    
   13  -2.18166156499      -2.18166156499    
   14  -2.09439510239      -2.09439510239    
   15  -2.00712863979      -2.00712863979    
   16  -1.91986217719      -1.91986217719    
   17  -1.83259571459      -1.83259571459    
   18  -1.74532925199      -1.74532925199    
   19  -1.65806278939      -1.65806278939    
   20  -1.57079632679      -1.57079632679    
   21  -1.48352986420      -1.48352986420    
   22  -1.39626340160      -1.39626340160    
   23  -1.30899693900      -1.30899693900    
   24  -1.22173047640      -1.22173047640    
   25  -1.13446401380      -1.13446401380    
   26  -1.04719755120      -1.04719755120    
   27 -0.959931088597     -0.959931088597    
   28 -0.872664625997     -0.872664625997    
   29 -0.785398163397     -0.785398163397    
   30 -0.698131700798     -0.698131700798    
   31 -0.610865238198     -0.610865238198    
   32 -0.523598775598     -0.523598775598    
   33 -0.436332312999     -0.436332312999    
   34 -0.349065850399     -0.349065850399    
   35 -0.261799387799     -0.261799387799    
   36 -0.174532925199     -0.174532925199    
   37 -0.872664625997E-01 -0.872664625997E-01
   38  0.872664625997E-01  0.872664625997E-01
   39  0.174532925199      0.174532925199    
   40  0.261799387799      0.261799387799    
   41  0.349065850399      0.349065850399    
   42  0.436332312999      0.436332312999    
   43  0.523598775598      0.523598775598    
   44  0.610865238198      0.610865238198    
   45  0.698131700798      0.698131700798    
   46  0.785398163397      0.785398163397    
   47  0.872664625997      0.872664625997    
   48  0.959931088597      0.959931088597    
   49   1.04719755120       1.04719755120    
   50   1.13446401380       1.13446401380    
   51   1.22173047640       1.22173047640    
   52   1.30899693900       1.30899693900    
   53   1.39626340160       1.39626340160    
   54   1.48352986420       1.48352986420    
   55   1.57079632679       1.57079632679    
   56   1.65806278939       1.65806278939    
   57   1.74532925199       1.74532925199    
   58   1.83259571459       1.83259571459    
   59   1.91986217719       1.91986217719    
   60   2.00712863979       2.00712863979    
   61   2.09439510239       2.09439510239    
   62   2.18166156499       2.18166156499    
   63   2.26892802759       2.26892802759    
   64   2.35619449019       2.35619449019    
   65   2.44346095279       2.44346095279    
   66   2.53072741539       2.53072741539    
   67   2.61799387799       2.61799387799    
   68   2.70526034059       2.70526034059    
   69   2.79252680319       2.79252680319    
   70   2.87979326579       2.87979326579    
   71   2.96705972839       2.96705972839    
   72   3.05432619099       3.05432619099    
#bmagset
    1   1.20757470112       1.20757470112    
    2  0.862553357940      0.862553357940    
    3   1.20661765617       1.20661765617    
    4   1.20387690005       1.20387690005    
    5   1.19940098164       1.19940098164    
    6   1.19315210870       1.19315210870    
    7   1.18532903141       1.18532903141    
    8   1.17606220920       1.17606220920    
    9   1.16540223329       1.16540223329    
   10   1.15357342126       1.15357342126    
   11   1.14075105164       1.14075105164    
   12   1.12704716147       1.12704716147    
   13   1.11266870868       1.11266870868    
   14   1.09779518283       1.09779518283    
   15   1.08256589371       1.08256589371    
   16   1.06714194876       1.06714194876    
   17   1.05167796539       1.05167796539    
   18   1.03631291928       1.03631291928    
   19   1.02115202774       1.02115202774    
   20   1.00631225093       1.00631225093    
   21  0.991916807948      0.991916807948    
   22  0.978019083390      0.978019083390    
   23  0.964698525723      0.964698525723    
   24  0.952057937654      0.952057937654    
   25  0.940109979989      0.940109979989    
   26  0.928903616243      0.928903616243    
   27  0.918523115213      0.918523115213    
   28  0.908952868839      0.908952868839    
   29  0.900220274189      0.900220274189    
   30  0.892395609158      0.892395609158    
   31  0.885445621159      0.885445621159    
   32  0.879384090576      0.879384090576    
   33  0.874272034742      0.874272034742    
   34  0.870066204620      0.870066204620    
   35  0.866772580723      0.866772580723    
   36  0.864446595430      0.864446595430    
   37  0.863039648549      0.863039648549    
   38  0.863039648549      0.863039648549    
   39  0.864446595430      0.864446595430    
   40  0.866772580723      0.866772580723    
   41  0.870066204620      0.870066204620    
   42  0.874272034742      0.874272034742    
   43  0.879384090576      0.879384090576    
   44  0.885445621159      0.885445621159    
   45  0.892395609158      0.892395609158    
   46  0.900220274189      0.900220274189    
   47  0.908952868839      0.908952868839    
   48  0.918523115213      0.918523115213    
   49  0.928903616243      0.928903616243    
   50  0.940109979989      0.940109979989    
   51  0.952057937654      0.952057937654    
   52  0.964698525723      0.964698525723    
   53  0.978019083390      0.978019083390    
   54  0.991916807948      0.991916807948    
   55   1.00631225093       1.00631225093    
   56   1.02115202774       1.02115202774    
   57   1.03631291928       1.03631291928    
   58   1.05167796539       1.05167796539    
   59   1.06714194876       1.06714194876    
   60   1.08256589371       1.08256589371    
   61   1.09779518283       1.09779518283    
   62   1.11266870868       1.11266870868    
   63   1.12704716147       1.12704716147    
   64   1.14075105164       1.14075105164    
   65   1.15357342126       1.15357342126    
   66   1.16540223329       1.16540223329    
   67   1.17606220920       1.17606220920    
   68   1.18532903141       1.18532903141    
   69   1.19315210870       1.19315210870    
   70   1.19940098164       1.19940098164    
   71   1.20387690005       1.20387690005    
   72   1.20661765617       1.20661765617    
#thetasetset
    1  -3.14159265358979        1          2
    2 -0.444089209850063E-15    2          2
    3  -3.05432619099009        3          2
    4   3.05432619099010        3       3222
    5  -2.96705972839038        4          2
    6   2.96705972839037        4       3222
    7  -2.87979326579067        5          2
    8   2.87979326579067        5        331
    9  -2.79252680319096        6          2
   10   2.79252680319096        6       3222
   11  -2.70526034059124        7          2
   12   2.70526034059124        7       3222
   13  -2.61799387799153        8          2
   14   2.61799387799153        8        331
   15  -2.53072741539182        9          2
   16   2.53072741539181        9       3222
   17  -2.44346095279210       10          2
   18   2.44346095279210       10       3222
   19  -2.35619449019238       11          2
   20   2.35619449019238       11        331
   21  -2.26892802759266       12          2
   22   2.26892802759266       12       3222
   23  -2.18166156499295       13          2
   24   2.18166156499294       13       3222
   25  -2.09439510239323       14          2
   26   2.09439510239323       14        331
   27  -2.00712863979350       15          2
   28   2.00712863979350       15       3222
   29  -1.91986217719378       16          2
   30   1.91986217719378       16       3222
   31  -1.83259571459406       17          2
   32   1.83259571459406       17        331
   33  -1.74532925199434       18          2
   34   1.74532925199434       18       3222
   35  -1.65806278939462       19          2
   36   1.65806278939462       19       3222
   37  -1.57079632679490       20          2
   38   1.57079632679490       20        331
   39  -1.48352986419518       21          2
   40   1.48352986419517       21       3222
   41  -1.39626340159546       22          2
   42   1.39626340159546       22       3222
   43  -1.30899693899573       23          2
   44   1.30899693899573       23        331
   45  -1.22173047639601       24          2
   46   1.22173047639601       24       3222
   47  -1.13446401379629       25          2
   48   1.13446401379629       25       3222
   49  -1.04719755119657       26          2
   50   1.04719755119657       26        331
   51 -0.959931088596847       27          2
   52  0.959931088596846       27       3222
   53 -0.872664625997129       28          2
   54  0.872664625997129       28       3222
   55 -0.785398163397410       29          2
   56  0.785398163397410       29        331
   57 -0.698131700797694       30          2
   58  0.698131700797696       30       3222
   59 -0.610865238197978       31          2
   60  0.610865238197978       31       3222
   61 -0.523598775598262       32          2
   62  0.523598775598261       32        331
   63 -0.436332312998550       33          2
   64  0.436332312998548       33       3222
   65 -0.349065850398837       34          2
   66  0.349065850398833       34       3222
   67 -0.261799387799124       35          2
   68  0.261799387799124       35        331
   69 -0.174532925199416       36          2
   70  0.174532925199421       36       3222
   71 -0.872664625997084E-01   37          2
   72  0.872664625997175E-01   37       3222
   73  0.872664625997076E-01   38          2
   74 -0.872664625997034E-01   38       3122
   75  0.174532925199416       39          2
   76 -0.174532925199414       39       3122
   77  0.261799387799124       40          2
   78 -0.261799387799124       40        331
   79  0.349065850398836       41          2
   80 -0.349065850398832       41       3122
   81  0.436332312998549       42          2
   82 -0.436332312998547       42       3122
   83  0.523598775598261       43          2
   84 -0.523598775598262       43        331
   85  0.610865238197977       44          2
   86 -0.610865238197977       44       3122
   87  0.698131700797693       45          2
   88 -0.698131700797694       45       3122
   89  0.785398163397410       46          2
   90 -0.785398163397410       46        331
   91  0.872664625997128       47          2
   92 -0.872664625997128       47       3122
   93  0.959931088596847       48          2
   94 -0.959931088596847       48       3122
   95   1.04719755119657       49          2
   96  -1.04719755119657       49        331
   97   1.13446401379629       50          2
   98  -1.13446401379629       50       3122
   99   1.22173047639601       51          2
  100  -1.22173047639601       51       3122
  101   1.30899693899573       52          2
  102  -1.30899693899573       52       3122
  103   1.39626340159545       53          2
  104  -1.39626340159546       53       3122
  105   1.48352986419518       54          2
  106  -1.48352986419518       54       3122
  107   1.57079632679490       55          2
  108  -1.57079632679490       55        331
  109   1.65806278939462       56          2
  110  -1.65806278939462       56       3122
  111   1.74532925199434       57          2
  112  -1.74532925199434       57       3122
  113   1.83259571459406       58          2
  114  -1.83259571459406       58        331
  115   1.91986217719378       59          2
  116  -1.91986217719378       59       3122
  117   2.00712863979350       60          2
  118  -2.00712863979350       60       3122
  119   2.09439510239323       61          2
  120  -2.09439510239323       61        331
  121   2.18166156499294       62          2
  122  -2.18166156499294       62       3122
  123   2.26892802759266       63          2
  124  -2.26892802759266       63       3122
  125   2.35619449019238       64          2
  126  -2.35619449019238       64        331
  127   2.44346095279210       65          2
  128  -2.44346095279210       65       3122
  129   2.53072741539181       66          2
  130  -2.53072741539181       66       3122
  131   2.61799387799153       67          2
  132  -2.61799387799153       67        331
  133   2.70526034059124       68          2
  134  -2.70526034059124       68       3122
  135   2.79252680319096       69          2
  136  -2.79252680319096       69       3122
  137   2.87979326579067       70          2
  138  -2.87979326579067       70        331
  139   2.96705972839038       71          2
  140  -2.96705972839038       71       3122
  141   3.05432619099008       72          2
  142  -3.05432619099008       72       3122
#output grid
    1  -3.14159265359       1.20757470112    
    2  -2.79252680319       1.19315210870    
    3  -2.53072741539       1.16540223329    
    4  -2.26892802759       1.12704716147    
    5  -2.09439510239       1.09779518283    
    6  -1.91986217719       1.06714194876    
    7  -1.74532925199       1.03631291928    
    8  -1.39626340160      0.978019083390    
    9  -1.22173047640      0.952057937654    
   10  -1.04719755120      0.928903616243    
   11 -0.698131700798      0.892395609158    
   12 -0.349065850399      0.870066204620    
   13 -0.444089209850E-15  0.862553357940    
   14  0.349065850399      0.870066204620    
   15  0.698131700798      0.892395609158    
   16   1.04719755120      0.928903616243    
   17   1.22173047640      0.952057937654    
   18   1.39626340160      0.978019083390    
   19   1.74532925199       1.03631291928    
   20   1.91986217719       1.06714194876    
   21   2.09439510239       1.09779518283    
   22   2.26892802759       1.12704716147    
   23   2.53072741539       1.16540223329    
   24   2.79252680319       1.19315210870    
   25   3.14159265359       1.20757470112    
#output 1/lambda
    1   1.20757470112       1.20757470112    
    2   1.19315210870       1.19315210870    
    3   1.16540223329       1.16540223329    
    4   1.12704716147       1.12704716147    
    5   1.09779518283       1.09779518283    
    6   1.06714194876       1.06714194876    
    7   1.03631291928       1.03631291928    
    8  0.978019083390      0.978019083390    
    9  0.952057937654      0.952057937654    
   10  0.928903616243      0.928903616243    
   11  0.892395609158      0.892395609158    
   12  0.870066204620      0.870066204620    
   13  0.862553357940      0.862553357940    
